17
7773
498
3773
936
861
5211
9439
5750
4619
1922
4040
9282
2001
9657
8941
1941
8872
6285
1491
8222
4641
176
6039
6374
71093
96213
63366
73500
59439
50914
65322
56721
73643
55880
97312
69317
57105
75086
28412
27442
49092
10270
67782
43943
31441
16979
67715
95674
91975
70987
52169
19045
51187
58005
52292
81178
81126
73981
52451
67992
48045
53830
85426
35026
54895
92399
57464
70819
57601
27083
98636
26408
35557
33339
19489
67566
37280
72264
55949
10249
36760
32055
71852
71979
47048
51385
26773
82968
51656
59915
28652
99750
66202
66092
82298
64357
60485
10050
60382
65937
94615
82017
15779
11211
83649
31434
59033
78584
61112
44433
3695
43859
89779
29447
86917
55499
43577
60982
24151
60701
18057
77434
94660
95203
60317
65181
84118
84735
56711
33368
74749
57324
73217
70214
33105
63946
11792
97927
21846
13807
37688
46044
96210
42127
23108
82738
54848
47408
63077
73946
79752
60587
75802
27636
51697
20583
98136
43260
45925
19547
60957
35230
53307
94379
85468
50435
99036
20207
45195
28709
69669
51987
32598
532
43103
20229
18088
44993
70854
63221
37889
56537
54065
11975
30211
32966
96586
13410
89998
41194
23518
29440
85964
31133
78922
12311
81703
23084
80104
12128
36664
67894
23503
31753
96700
53981
34683
12474
76918
16375
55677
4877
80164
53709
24198
23603
20544
77202
87397
71367
91843
52060
53548
89072
13886
12866
77343
33899
86292
45102
64640
81817
56518
24920
50951
62997
14765
43333
88148
63703
27866
63931
45538
77763
18101
95591
93696
56772
89671
79092
22476
77256
22350
35241
18374
37718
19598
22518
98558
17392
84257
52325
96226
48243
20726
54074
21081
63917
26072
64993
18463
15759
74097
50834
24949
45510
12950
94168
41749
20228
30002
53323
48238
81347
65878
87078
83610
16248
66094
97882
79928
20114
93913
77641
80219
33771
16380
19892
45992
40027
70818
21759
90000
65400
44127
57211
73772
31703
38484
54893
97038
66479
17449
69353
89226
35574
74421
88349
93750
36412
45649
48121
85837
34811
82688
80463
34216
11269
30520
69188
45651
53252
91256
99451
14408
79529
24638
97854
44000
29798
83393
68955
22651
88368
50395
95996
61243
17972
37259
92023
53637
98058
84559
12443
23625
86097
94215
32778
26066
80557
88054
33428
97429
3720
43534
93652
84163
10492
70101
26928
30422
41118
87026
43153
84710
25656
11503
16139
18870
40262
68034
31820
12199
84963
46096
57334
77977
53238
65362
65782
19454
61352
95667
87023
69291
62693
60482
47647
82172
35828
21214
93575
11539
52859
35055
15989
81007
88211
99993
41526
56973
43769
72344
38577
11805
91119
88553
19012
27087
68740
61537
25937
57495
54279
69035
48536
49428
56125
21299
26038
12379
23300
64494
49383
25223
11435
45803
35918
44046
44821
94572
64089
43816
61481
14726
96647
23144
63725
39709
53209
86128
45990
59146
62181
89622
48414
55313
51983
89833
46180
80735
95170
64373
55760
87915
50436
98380
53988
29876
57124
43812
11026
12684
77732
33152
76621
44450
21525
28250
33944
79980
49563
73482
40174
64623
61784
74972
64803
17793
24674
92285
47080
14446
75684
28400
48630
16535
94690
16940
82327
17547
14886
12006
10968
92541
93195
87015
15974
80693
11888
81909
22878
30457
87999
91759
64659
62481
39798
67100
20835
93637
35367
48337
88445
12439
65180
52529
80861
90615
94811
71046
55699
37032
53036
68536
30248
98203
53468
64988
92644
10082
24275
62733
23022
71200
64477
93306
33784
46251
91747
55471
58734
93718
20186
77574
33213
36910
82986
31675
61228
90661
72177
87582
52997
73024
54403
14306
